22.0000000  8.4852814  8.4852814   0.3973096
21.0000801  8.4657360  8.5049628   0.2009617
20.0001539  8.4526437  8.5182502   0.0383228
19.0001694  8.4458687  8.5251039  -0.0981020
18.0001357  8.4454363  8.5254604  -0.2247075
17.0000883 24.0857243  8.5187057  19.2573961
16.1572215 38.3596326  9.6436829  18.9134096
15.4901051 35.3815624 11.4277073  18.6024479
14.9840008 33.0925186 14.2917586  16.6743973
14.5649680 31.4103091 14.2088624  16.4798235
14.2770702 30.0457085 12.8690749  17.4130611
14.1995989 28.9082884 11.7456785  18.0935773
14.3830141 28.0083943 10.8272327  18.6274464
14.9155548 27.3489865 10.1018379  19.0333818
15.9515864 16.9201435  9.5621251  11.8084524
30.6151645 14.3695441  9.0909565   6.5869011
28.9398271 14.3646820  8.6249580   7.2841705
27.2996883 14.0795269  8.2070658   7.7420605
25.7252324 13.6729928  7.8398171   8.0466791
24.2284277 13.2192780  7.5254356   8.2514179
22.8113176 12.7515522  7.2663197   8.3547284
21.4721436 12.2885586  7.0646081   8.3544615
20.2063023 11.8405966  6.9221750   8.2201914
19.0076762 11.4158243  6.8397821   7.8924204
17.8688232 11.0233693  6.8154661   7.3579166
16.7799181 10.6691783  6.8443198   6.6802670
15.7293262 10.3525544 24.0311455 -18.7656859
14.9883941 12.0261840 25.9659352 -17.7469276
14.3787237 14.5477696 28.6914226 -15.6647660
13.8346866 14.0559415 32.1770880 -16.5442836
13.4366449 12.6158738 34.0767908 -17.5457056
13.2227328 11.4027189 32.7115693 -18.7539446
13.2617033 10.4013099 31.6269859 -19.5951301
13.6286513  9.6053881 30.8503880 -20.1559199
14.4569805  9.0067492 25.8771846 -20.5991075
16.0170041  8.6029434 15.5526050 -14.7055479
17.5357214  8.2815952 13.1368731 -10.6511250
18.9128992  7.9962644 12.2797256  -8.6443288
20.3392751  7.7439942 11.8568020  -7.3472709
21.9015643  7.5211943 11.6129585  -6.2445187
23.5899984  7.3211674 11.4752882  -5.2197175
24.7311321  7.1368218 11.4144517  -4.6697305
23.5839747  6.9725167 11.3722809  -5.4820970
22.4426604  6.8617764 11.2164149  -6.1093902
21.3204088  6.8101610 10.9780433  -6.4730001
20.2267613  6.8205710 10.6903818  -6.5683104
19.1653072  6.8937507 10.3796437  -6.3592121
18.1344944  7.0258906 10.0674751  -5.8999512
17.1283500  7.2099964  9.7666090  -5.2285999
16.1388088  7.4349227  9.4848257  -4.4147555
15.1576731  7.6867483  9.2255987  -3.5566559
14.1783894  7.9517340  8.9886147  -2.7338180
13.1968296  8.2182058  8.7716475  -1.9854787
12.2110099  8.4768317  8.5723338  -1.4416137
11.2213364  8.7278888  8.3842888  -1.0046999
10.2282804  8.9694563  8.2051448  -0.6530493
 9.2325011  9.2003168  8.0334090  -0.3638085
